11010
11110
111010
111110
1110010
1110110
1111010
1111110
11100010
11100110
11101010
11101110
11110010
11110110
11111010
11111110
111000010
111000110
111001010
111001110
111010010
111010110
111011010
111011110
111100010
111100110
111101010
111101110
111110010
111110110
111111010
111111110
1110000010
1110000110
1110001010
1110001110
1110010010
1110010110
1110011010
1110011110
1110100010
1110100110
1110101010
1110101110
1110110010
1110110110
1110111010
1110111110
1111000010
1111000110
1111001010
1111001110
1111010010
1111010110
1111011010
1111011110
1111100010
1111100110
1111101010
1111101110
1111110010
1111110110
1111111010
1111111110
11100000010
11100000110
11100001010
11100001110
11100010010
11100010110
11100011010
11100011110
11100100010
11100100110
11100101010
11100101110
11100110010
11100110110
11100111010
11100111110
11101000010
11101000110
11101001010
11101001110
11101010010
11101010110
11101011010
11101011110
11101100010
11101100110
11101101010
11101101110
11101110010
11101110110
11101111010
11101111110
11110000010
11110000110
11110001010
11110001110
